10013437
100114b7
02048493
10011937
02490913
02042a23
04600293
02542023
00100293
02542223
00300293
00542623
000062b7
00128293
02542823
05500313
148000ef
00000013
00000013
00000013
0004a283
00000013
0802f313
fe030ae3
00000013
00000013
00000013
0004a283
00000013
07f2f513
00a92023
00100993
00100a13
03455063
00000013
00000013
00000013
0400006f
00000013
00000013
00000013
034989b3
00000013
00000013
00000013
001a0a13
00000013
00000013
00000013
fc1ff06f
00000013
00000013
00000013
01392023
0ff9f313
0ac000ef
00000013
00000013
00000013
0089d313
0ff37313
094000ef
00000013
00000013
00000013
0109d313
0ff37313
07c000ef
00000013
00000013
00000013
0189d313
0ff37313
064000ef
00000013
00000013
00000013
00d00313
050000ef
00000013
00000013
00000013
00a00313
03c000ef
00000013
00000013
00000013
0004a283
00000013
0802f313
fe031ae3
00000013
00000013
00000013
ed9ff06f
00000013
00000013
00000013
01442283
00000013
0202f293
fe028ae3
00000013
00000013
00000013
00000013
00000013
00642023
00008067
